0 243 256 197 91 173 254 63 261 140 264 305 38 135 158 213 418 394 291 78 378 244 217 49 98 245 160 336 186 250 312 250 284 43 296 297 200 286 213 206 293 378 90 479 275 295 152 442 371 59 277 341 300 421 241 236 205 302 206 165 78 203 68 305 221 35 272 261 286 369 324 346 279 398 81 345 401 217 134 267 408 
243 0 427 440 152 416 497 306 432 231 435 548 205 378 401 456 661 565 462 165 135 73 372 292 341 270 89 163 261 421 259 421 455 286 217 468 443 107 384 449 228 135 333 722 446 538 323 613 212 214 34 512 543 268 412 403 38 167 433 78 165 360 175 290 340 208 443 432 457 612 495 517 304 569 162 102 644 460 305 510 237 
256 427 0 165 313 199 158 235 295 300 186 145 286 205 168 237 258 256 285 330 538 500 473 215 226 501 338 496 346 88 568 154 176 219 456 161 280 446 337 370 549 538 264 319 209 321 170 186 531 315 437 85 400 677 187 396 401 558 462 401 320 459 288 465 381 281 150 177 38 209 68 90 439 144 299 505 329 77 140 487 664 
197 440 165 0 288 34 57 134 332 337 223 108 235 62 39 72 221 303 322 275 575 391 308 148 99 336 357 533 383 159 403 191 213 154 493 206 115 483 374 205 384 575 107 282 246 156 207 351 568 226 474 250 235 512 224 433 402 393 297 362 275 294 265 502 418 232 187 214 195 172 233 255 476 307 278 542 204 88 177 322 499 
91 152 313 288 0 264 345 154 318 117 321 396 53 226 249 304 509 451 348 17 287 187 220 140 189 188 69 245 147 307 255 307 341 134 205 354 291 195 270 297 236 287 181 570 332 386 209 499 280 62 186 398 391 364 298 289 114 245 281 88 13 208 25 214 226 56 329 318 343 460 381 403 190 455 14 254 492 308 191 358 351 
173 416 199 34 264 0 81 110 308 313 207 134 211 38 31 40 245 337 298 251 551 367 274 124 75 302 333 509 359 193 369 193 227 130 469 240 81 459 350 171 350 551 83 306 222 122 183 385 544 202 450 284 201 478 200 409 378 359 263 338 251 260 241 478 394 208 215 204 229 196 267 289 452 341 254 518 228 122 153 288 465 
254 497 158 57 345 91 0 191 389 394 280 93 292 119 96 79 164 350 379 332 632 448 315 205 156 343 414 590 440 182 410 248 270 211 550 255 122 540 431 212 391 632 164 225 303 163 264 344 625 283 531 243 242 519 281 490 459 400 304 419 332 301 322 559 475 289 244 271 188 115 226 248 533 300 335 599 171 81 234 329 506 
63 306 235 134 154 110 191 0 240 203 243 242 101 72 95 150 355 373 270 141 441 265 238 20 35 266 223 399 249 229 333 229 263 20 359 276 137 349 240 143 314 441 29 416 254 232 131 421 434 92 340 320 237 442 220 299 268 323 227 228 141 224 131 368 284 98 251 240 265 306 303 325 342 377 144 408 338 158 113 252 429 
261 432 295 332 318 308 389 240 0 201 109 440 291 270 293 348 553 133 30 335 377 505 478 220 233 506 343 269 171 207 573 141 119 224 215 134 335 325 48 375 554 373 269 614 86 430 125 181 236 320 420 288 435 682 108 101 406 563 467 406 325 464 293 170 92 286 145 118 257 504 249 215 144 151 304 360 536 352 155 492 669 
140 231 300 337 117 313 394 203 201 0 204 445 102 275 298 353 558 334 231 134 238 304 277 189 238 305 142 196 46 212 372 190 224 183 156 237 340 146 153 346 353 238 230 619 215 435 130 382 231 119 219 293 440 481 181 172 205 362 330 205 124 263 92 165 109 105 212 201 262 509 264 286 139 338 103 205 541 357 160 407 468 
264 435 186 223 321 207 280 243 109 204 0 331 294 213 184 245 444 130 99 338 380 508 481 223 234 509 346 310 174 98 576 32 20 227 270 33 288 328 151 378 557 376 272 505 23 329 112 178 345 323 423 179 408 685 23 210 409 566 470 409 328 467 296 279 195 289 36 9 148 395 140 106 253 134 307 363 427 243 130 495 672 
305 548 145 108 396 134 93 242 440 445 331 0 343 170 147 172 161 401 430 383 683 499 408 256 207 436 465 641 491 233 503 299 321 262 601 306 215 591 482 305 484 683 215 210 354 256 315 329 676 334 582 152 335 612 332 541 510 493 397 470 383 394 373 610 526 340 295 322 183 130 191 225 584 289 386 650 264 88 285 422 599 
38 205 286 235 53 211 292 101 291 102 294 343 0 173 196 251 456 424 321 44 340 214 187 87 136 215 122 298 148 280 282 280 314 81 258 327 238 248 243 244 263 340 128 517 305 333 182 472 333 29 239 371 338 391 271 262 167 272 228 127 40 173 30 267 199 5 302 291 316 407 354 376 241 428 43 307 439 255 164 305 378 
135 378 205 62 226 38 119 72 270 275 213 170 173 0 37 78 283 343 260 213 513 329 268 86 37 296 295 471 321 199 363 199 233 92 431 246 75 421 312 165 344 513 59 344 224 160 145 391 506 164 412 290 195 472 190 371 340 353 257 300 213 254 203 440 356 170 221 210 235 234 273 295 414 347 216 480 266 128 115 282 459 
158 401 168 39 249 31 96 95 293 298 184 147 196 37 0 69 260 306 283 236 536 352 305 109 60 333 318 494 344 162 400 162 196 115 454 209 112 444 335 202 381 536 96 321 207 153 168 354 529 187 435 253 232 509 185 394 363 390 294 323 236 291 226 463 379 193 184 175 198 211 236 258 437 310 239 503 243 91 138 319 496 
213 456 237 72 304 40 79 150 348 353 245 172 251 78 69 0 205 375 338 291 591 407 236 164 115 264 373 549 399 231 331 231 265 170 509 278 43 499 390 133 312 591 123 266 262 84 223 423 584 242 490 322 163 440 240 449 418 321 225 378 291 222 281 518 434 248 253 242 267 156 305 327 492 379 294 558 188 160 193 250 427 
418 661 258 221 509 245 164 355 553 558 444 161 456 283 260 205 0 514 543 496 796 612 289 369 320 391 578 754 604 346 402 412 434 375 714 419 218 704 595 212 433 796 328 61 467 123 428 442 789 447 695 311 174 451 445 654 623 494 236 583 496 301 486 723 639 453 408 435 296 49 304 338 697 402 499 763 103 201 398 261 438 
394 565 256 303 451 337 350 373 133 334 130 401 424 343 306 375 514 0 103 468 510 638 611 353 364 639 476 402 304 168 706 144 110 357 348 97 418 458 181 508 687 506 402 575 119 459 242 72 353 453 553 249 538 815 153 162 539 696 600 539 458 597 426 275 225 419 122 133 218 465 210 176 261 112 437 493 497 313 260 625 802 
291 462 285 322 348 298 379 270 30 231 99 430 321 260 283 338 543 103 0 365 407 535 508 250 261 536 373 299 201 197 603 131 109 254 245 124 325 355 78 405 584 403 299 604 76 420 139 151 250 350 450 278 435 712 98 111 436 593 497 436 355 494 323 180 122 316 135 108 247 494 239 205 158 141 334 390 526 342 157 522 699 
78 165 330 275 17 251 332 141 335 134 338 383 44 213 236 291 496 468 365 0 300 170 207 127 176 171 82 258 164 324 238 324 358 121 218 371 278 208 287 284 219 300 168 557 349 373 226 516 293 49 199 415 378 347 315 306 127 228 268 87 10 195 42 227 243 49 346 335 360 447 398 420 207 472 31 267 479 295 208 345 334 
378 135 538 575 287 551 632 441 377 238 380 683 340 513 536 591 796 510 407 300 0 184 507 427 476 405 218 108 206 450 394 384 400 421 162 413 578 92 329 584 363 4 468 857 391 673 368 558 157 349 101 531 678 403 357 348 173 302 568 213 300 495 310 235 285 343 388 377 500 747 492 462 249 514 297 33 779 595 398 645 368 
244 73 500 391 187 367 448 265 505 304 508 499 214 329 352 407 612 638 535 170 184 0 323 285 292 221 162 236 334 494 210 494 528 281 290 541 394 180 457 400 179 184 284 673 519 489 396 686 285 185 85 585 494 219 485 476 99 118 384 99 180 311 212 363 413 219 516 505 530 563 568 590 377 642 201 151 595 423 378 461 184 
217 372 473 308 220 274 315 238 478 277 481 408 187 268 305 236 289 611 508 207 507 323 0 258 247 102 289 465 315 467 113 467 501 254 425 514 193 415 430 103 144 507 209 350 492 166 369 659 500 158 406 558 171 204 458 449 334 205 61 294 207 14 197 434 386 192 489 478 503 278 541 563 408 615 210 474 272 396 351 138 191 
49 292 225 148 140 124 205 20 220 189 223 256 87 86 109 164 369 353 250 127 427 285 258 0 49 286 209 385 235 209 353 209 243 6 345 256 151 335 226 157 334 427 49 430 234 246 111 401 420 100 326 300 251 462 200 285 254 343 247 214 127 244 117 354 270 84 231 220 245 320 283 305 328 357 130 394 352 168 93 272 449 
98 341 226 99 189 75 156 35 233 238 234 207 136 37 60 115 320 364 261 176 476 292 247 49 0 275 258 434 284 220 342 220 254 55 394 267 102 384 275 144 323 476 38 381 245 197 122 412 469 127 375 311 202 451 211 334 303 332 236 263 176 233 166 403 319 133 242 231 256 271 294 316 377 368 179 443 303 149 104 261 438 
245 270 501 336 188 302 343 266 506 305 509 436 215 296 333 264 391 639 536 191 405 221 102 286 275 0 187 363 335 495 67 495 529 282 323 542 221 313 458 179 48 405 237 452 520 268 397 687 398 186 304 586 273 176 486 477 232 103 163 192 181 90 213 364 414 220 517 506 531 342 569 591 378 643 202 372 374 424 379 240 163 
160 89 338 357 69 333 414 223 343 142 346 465 122 295 318 373 578 476 373 82 218 162 289 209 258 187 0 176 172 332 230 332 366 203 136 379 360 126 295 366 211 218 250 639 357 455 234 524 211 131 117 423 460 339 323 314 63 220 350 63 82 277 92 201 251 125 354 343 368 529 406 428 215 480 79 185 561 377 216 427 326 
336 163 496 533 245 509 590 399 269 196 310 641 298 471 494 549 754 402 299 258 108 236 465 385 434 363 182 0 150 408 352 342 320 379 54 335 536 56 221 542 321 104 426 815 287 631 326 450 49 307 151 489 636 413 309 240 137 294 526 171 258 453 268 127 177 301 346 319 458 705 450 416 141 406 255 91 737 553 356 603 400 
186 261 346 383 147 359 440 249 171 46 174 491 148 321 344 399 604 304 201 164 206 334 315 235 284 335 172 150 0 258 402 192 194 229 110 207 386 154 123 392 383 202 276 665 185 481 176 352 185 157 249 339 486 511 159 142 235 392 376 235 154 303 122 119 79 151 196 171 308 555 300 266 93 308 133 189 587 403 206 453 498 
250 421 88 159 307 193 182 229 207 212 98 233 280 199 162 231 346 168 197 324 450 494 467 209 220 495 332 408 258 0 562 66 88 213 368 73 274 358 249 364 543 450 258 407 121 315 98 192 443 309 409 91 394 671 99 308 395 552 456 395 314 453 282 377 293 275 62 89 50 297 74 96 351 148 293 417 329 145 116 481 658 
312 259 568 403 255 369 410 333 573 372 576 503 282 363 400 331 402 706 603 238 394 249 113 353 342 67 230 352 402 562 0 562 596 349 358 609 288 302 525 198 31 394 304 463 587 279 464 754 387 253 293 653 284 109 553 544 221 92 174 181 248 109 280 431 481 287 584 573 598 373 636 658 445 710 269 361 385 491 446 251 96 
250 421 154 191 307 193 248 229 141 190 32 299 280 199 162 231 412 144 131 324 384 494 467 209 220 495 332 342 192 66 562 0 34 213 302 47 274 314 183 364 543 384 258 473 55 315 98 192 377 309 409 147 394 671 33 242 395 552 456 395 314 453 282 311 227 275 22 23 116 363 108 96 285 148 293 351 395 211 116 481 658 
284 455 176 213 341 227 270 263 119 224 20 321 314 233 196 265 434 110 109 358 400 528 501 243 254 529 366 320 194 88 596 34 0 247 280 15 308 348 161 398 577 396 292 495 33 349 132 158 355 343 443 169 428 705 43 220 429 586 490 429 348 487 316 289 205 309 26 23 138 385 130 96 263 114 327 383 417 233 150 515 692 
43 286 219 154 134 130 211 20 224 183 227 262 81 92 115 170 375 357 254 121 421 281 254 6 55 282 203 379 229 213 349 213 247 0 339 260 157 329 220 163 330 421 47 436 238 252 115 405 414 96 320 304 257 458 204 279 248 339 243 208 121 240 111 348 264 78 235 224 249 326 287 309 322 361 124 388 358 174 97 268 445 
296 217 456 493 205 469 550 359 215 156 270 601 258 431 454 509 714 348 245 218 162 290 425 345 394 323 136 54 110 368 358 302 280 339 0 295 496 110 167 502 339 158 386 775 247 591 286 396 75 267 205 449 596 467 269 186 191 348 486 191 218 413 228 73 123 261 306 279 418 665 410 376 87 352 215 145 697 513 316 563 454 
297 468 161 206 354 240 255 276 134 237 33 306 327 246 209 278 419 97 124 371 413 541 514 256 267 542 379 335 207 73 609 47 15 260 295 0 321 361 176 411 590 409 305 480 48 362 145 145 370 356 456 154 441 718 56 235 442 599 503 442 361 500 329 304 220 322 25 36 123 370 115 81 278 101 340 396 402 218 163 528 705 
200 443 280 115 291 81 122 137 335 340 288 215 238 75 112 43 218 418 325 278 578 394 193 151 102 221 360 536 386 274 288 274 308 157 496 321 0 486 377 90 269 578 110 279 299 95 210 466 571 229 477 365 120 397 265 436 405 278 182 365 278 179 268 505 421 235 296 285 310 169 348 370 479 422 281 545 201 203 180 207 384 
286 107 446 483 195 459 540 349 325 200 328 591 248 421 444 499 704 458 355 208 92 180 415 335 384 313 126 56 154 358 302 314 348 329 110 361 486 0 277 492 271 92 376 765 339 581 276 506 105 257 95 439 586 357 305 296 81 238 476 121 208 403 218 183 233 251 336 325 408 655 400 410 197 462 205 59 687 503 306 553 344 
213 384 337 374 270 350 431 240 48 153 151 482 243 312 335 390 595 181 78 287 329 457 430 226 275 458 295 221 123 249 525 183 161 220 167 176 377 277 0 383 506 325 267 656 128 472 167 229 194 272 372 330 477 634 150 59 358 515 419 358 277 416 245 128 44 238 187 160 299 546 291 257 102 193 256 312 578 394 197 444 621 
206 449 370 205 297 171 212 143 375 346 378 305 244 165 202 133 212 508 405 284 584 400 103 157 154 179 366 542 392 364 198 364 398 163 502 411 90 492 383 0 221 584 116 273 389 89 266 556 577 235 483 455 94 307 355 442 411 282 92 371 284 89 274 511 427 241 386 375 400 175 438 460 485 512 287 551 195 293 248 117 294 
293 228 549 384 236 350 391 314 554 353 557 484 263 344 381 312 433 687 584 219 363 249 144 334 323 48 213 321 383 543 31 543 577 330 339 590 269 271 506 221 0 363 285 494 568 310 445 735 356 234 262 634 315 128 534 525 190 61 205 150 229 132 261 412 462 268 565 554 579 384 617 639 426 691 250 330 416 472 427 282 115 
378 135 538 575 287 551 632 441 373 238 376 683 340 513 536 591 796 506 403 300 4 184 507 427 476 405 218 104 202 450 394 384 396 421 158 409 578 92 325 584 363 0 468 857 387 673 368 554 153 349 101 531 678 403 353 344 173 302 568 213 300 495 310 231 281 343 388 373 500 747 492 458 245 510 297 33 779 595 398 645 368 
90 333 264 107 181 83 164 29 269 230 272 215 128 75 96 123 328 402 299 168 468 284 209 49 38 237 250 426 276 258 304 258 292 47 386 305 110 376 267 116 285 468 0 389 283 205 160 450 461 119 367 349 210 413 249 326 295 294 198 255 168 195 158 395 311 125 280 269 294 279 332 354 369 406 171 435 311 187 142 223 400 
479 722 319 282 570 306 225 416 614 619 505 210 517 344 321 266 61 575 604 557 857 673 350 430 381 452 639 815 665 407 463 473 495 436 775 480 279 765 656 273 494 857 389 0 528 184 489 503 850 508 756 360 179 454 506 715 684 555 289 644 557 362 547 784 700 514 469 496 357 110 365 399 758 463 560 824 78 262 459 212 489 
275 446 209 246 332 222 303 254 86 215 23 354 305 224 207 262 467 119 76 349 391 519 492 234 245 520 357 287 185 121 587 55 33 238 247 48 299 339 128 389 568 387 283 528 0 344 123 167 322 334 434 202 419 696 34 187 420 577 481 420 339 478 307 256 172 300 59 32 171 418 163 129 230 123 318 374 450 266 141 506 683 
295 538 321 156 386 122 163 232 430 435 329 256 333 160 153 84 123 459 420 373 673 489 166 246 197 268 455 631 481 315 279 315 349 252 591 362 95 581 472 89 310 673 205 184 344 0 305 507 666 324 572 406 79 356 322 531 500 371 141 460 373 178 363 600 516 330 337 326 351 126 389 411 574 463 376 640 106 244 275 166 343 
152 323 170 207 209 183 264 131 125 130 112 315 182 145 168 223 428 242 155 226 368 396 369 111 122 397 246 326 176 98 464 98 132 115 286 145 210 276 173 266 445 368 160 489 123 305 0 290 361 211 311 189 310 573 89 226 297 454 358 297 216 355 184 295 211 177 120 109 134 379 172 194 269 246 195 335 411 227 30 383 560 
442 613 186 351 499 385 344 421 181 382 178 329 472 391 354 423 442 72 151 516 558 686 659 401 412 687 524 450 352 192 754 192 158 405 396 145 466 506 229 556 735 554 450 503 167 507 290 0 401 501 601 177 586 863 201 212 587 744 648 587 506 645 474 323 273 467 170 181 156 393 138 104 309 44 485 541 515 263 308 673 850 
371 212 531 568 280 544 625 434 236 231 345 676 333 506 529 584 789 353 250 293 157 285 500 420 469 398 211 49 185 443 387 377 355 414 75 370 571 105 194 577 356 153 461 850 322 666 361 401 0 342 200 524 671 462 344 191 186 343 561 206 293 488 303 78 150 336 381 354 493 740 485 451 92 387 290 140 772 588 391 638 449 
59 214 315 226 62 202 283 92 320 119 323 334 31 164 187 242 447 453 350 49 349 185 158 100 127 186 131 307 157 309 253 309 343 96 267 356 229 257 272 235 234 349 119 508 334 324 211 501 342 0 248 400 329 362 300 291 176 243 219 136 49 146 39 276 228 34 331 320 345 398 383 405 250 457 52 316 430 246 193 296 349 
277 34 437 474 186 450 531 340 420 219 423 582 239 412 435 490 695 553 450 199 101 85 406 326 375 304 117 151 249 409 293 409 443 320 205 456 477 95 372 483 262 101 367 756 434 572 311 601 200 248 0 500 577 302 400 391 72 201 467 112 199 394 209 278 328 242 431 420 445 646 483 505 292 557 196 68 678 494 297 544 267 
341 512 85 250 398 284 243 320 288 303 179 152 371 290 253 322 311 249 278 415 531 585 558 300 311 586 423 489 339 105 653 147 169 304 449 154 365 439 330 455 634 531 349 362 202 406 189 177 524 400 500 0 485 762 180 389 486 643 547 486 405 544 373 458 374 366 143 170 55 280 39 73 432 137 384 498 414 162 207 572 749 
300 543 400 235 391 201 242 237 435 440 408 335 338 195 232 163 174 538 435 378 678 494 171 251 222 273 460 636 486 394 284 394 428 257 596 441 120 586 477 94 315 678 210 179 419 79 310 586 671 329 577 485 0 277 385 536 505 376 110 465 378 183 368 605 521 335 416 405 430 205 468 490 579 542 381 645 101 323 280 87 310 
421 268 677 512 364 478 519 442 682 481 685 612 391 472 509 440 451 815 712 347 403 219 222 462 451 176 339 413 511 671 109 671 705 458 467 718 397 357 634 307 140 403 413 454 696 356 573 863 462 362 302 762 277 0 662 653 276 119 215 276 357 218 389 540 590 396 693 682 707 482 745 767 554 819 378 370 376 600 555 242 35 
241 412 187 224 298 200 281 220 120 181 23 332 271 190 185 240 445 153 98 315 357 485 458 200 211 486 323 309 159 99 553 33 43 204 269 56 265 305 150 355 534 361 249 506 34 322 101 201 344 300 400 180 385 662 0 209 386 543 447 386 305 444 273 278 194 266 37 20 149 396 141 107 252 157 284 340 428 244 107 472 649 
236 403 396 433 289 409 490 299 101 172 210 541 262 371 394 449 654 162 111 306 348 476 449 285 334 477 314 240 142 308 544 242 220 279 186 235 436 296 59 442 525 344 326 715 187 531 226 212 191 291 391 389 536 653 209 0 377 534 438 377 296 435 264 113 63 257 246 219 358 605 350 316 99 252 275 331 637 453 256 503 640 
205 38 401 402 128 378 459 268 406 205 409 510 167 340 363 418 623 539 436 127 173 111 334 254 303 232 63 137 235 395 221 395 429 248 191 442 405 81 358 411 190 173 295 684 420 500 297 587 186 176 72 486 505 276 386 377 0 157 395 40 127 322 137 264 314 170 417 406 431 574 469 491 278 543 124 140 606 422 279 472 263 
302 167 558 393 245 359 400 323 563 362 566 493 272 353 390 321 494 696 593 228 302 214 205 343 332 103 220 294 392 552 92 552 586 339 348 599 278 238 515 282 61 302 294 555 577 371 454 744 343 243 201 643 376 181 543 534 157 0 266 157 238 193 270 421 471 277 574 563 588 445 626 648 435 700 259 269 477 481 436 343 106 
206 433 462 297 281 263 304 227 467 330 470 397 228 257 294 225 236 600 497 268 568 384 87 247 236 163 350 526 376 456 174 456 490 243 486 503 182 476 419 92 205 568 198 289 481 141 358 648 561 219 467 547 110 215 447 438 395 266 0 355 268 73 258 495 411 225 478 467 492 267 530 552 469 604 271 535 211 385 340 77 202 
165 78 401 362 88 338 419 228 406 205 409 470 127 300 323 378 583 539 436 87 213 99 294 214 263 192 63 177 235 395 181 395 429 208 191 442 365 121 358 371 150 213 255 644 420 460 297 587 206 136 112 486 465 276 386 377 40 157 355 0 87 282 113 264 314 130 417 406 431 534 469 491 278 543 102 180 566 382 279 432 263 
78 165 320 275 13 251 332 141 325 124 328 383 40 213 236 291 496 458 355 10 300 180 207 127 176 181 82 258 154 314 248 314 348 121 218 361 278 208 277 284 229 300 168 557 339 373 216 506 293 49 199 405 378 357 305 296 127 238 268 87 0 195 32 227 233 43 336 325 350 447 388 410 201 462 21 267 479 295 198 345 344 
203 360 459 294 208 260 301 224 464 265 467 394 173 254 291 222 301 597 494 195 495 311 14 244 233 90 277 453 303 453 109 453 487 240 413 500 179 403 416 117 132 495 195 362 478 178 355 645 488 146 394 544 183 218 444 435 322 193 73 282 195 0 185 422 372 178 475 464 489 264 527 549 396 601 198 462 284 382 337 150 205 
68 175 288 265 25 241 322 131 293 92 296 373 30 203 226 281 486 426 323 42 310 212 197 117 166 213 92 268 122 282 280 282 316 111 228 329 268 218 245 274 261 310 158 547 307 363 184 474 303 39 209 373 368 389 273 264 137 270 258 113 32 185 0 237 201 33 304 293 318 437 356 378 211 430 13 277 469 285 166 335 376 
305 290 465 502 214 478 559 368 170 165 279 610 267 440 463 518 723 275 180 227 235 363 434 354 403 364 201 127 119 377 431 311 289 348 84 304 505 183 128 511 412 231 395 784 256 600 295 323 78 276 278 458 605 540 278 113 264 421 495 264 227 422 237 0 84 270 315 288 427 674 419 385 26 321 224 218 706 522 325 572 527 
221 340 381 418 226 394 475 284 92 109 195 526 199 356 379 434 639 225 122 243 285 413 386 270 319 414 251 177 79 293 481 227 205 264 123 220 421 233 74 427 462 281 311 700 172 516 211 273 150 228 328 374 521 590 200 63 314 471 411 314 233 372 201 84 0 194 231 204 343 590 335 301 58 237 212 268 622 438 241 488 577 
35 208 281 232 56 208 289 98 286 105 289 340 5 170 193 248 453 419 316 49 343 219 192 84 133 220 125 301 151 275 287 275 309 78 261 322 235 251 238 241 268 343 125 514 300 330 187 467 336 34 242 366 335 396 266 257 170 277 225 130 43 178 33 270 194 0 297 286 311 404 349 371 244 423 46 310 436 252 159 302 383 
272 443 150 187 329 215 244 251 145 212 36 295 302 221 184 253 408 122 135 346 388 516 489 231 242 517 354 346 196 62 584 22 26 235 306 25 296 336 187 386 565 388 280 469 59 337 120 170 381 331 431 143 416 693 37 246 417 574 478 417 336 475 304 315 231 297 0 27 112 359 104 74 289 126 315 371 391 207 138 503 680 
261 432 177 214 318 204 271 240 118 201 9 322 291 210 175 242 435 133 108 335 377 505 478 220 231 506 343 319 171 89 573 23 23 224 279 36 285 325 160 375 554 373 269 496 32 326 109 181 354 320 420 170 405 682 20 219 406 563 467 406 325 464 293 288 204 286 27 0 139 386 131 97 262 137 304 360 418 234 127 492 669 
286 457 38 195 343 229 188 265 257 262 148 183 316 235 198 267 296 218 247 360 500 530 503 245 256 531 368 458 308 50 598 116 138 249 418 123 310 408 299 400 579 500 294 357 171 351 134 156 493 345 445 55 430 707 149 358 431 588 492 431 350 489 318 427 343 311 112 139 0 247 38 60 401 112 329 467 359 107 152 517 694 
369 612 209 172 460 196 115 306 504 509 395 130 407 234 211 156 49 465 494 447 747 563 278 320 271 342 529 705 555 297 373 363 385 326 665 370 169 655 546 175 384 747 279 110 418 126 379 393 740 398 646 280 205 482 396 605 574 445 267 534 447 264 437 674 590 404 359 386 247 0 263 289 648 353 450 714 134 152 349 292 469 
324 495 68 233 381 267 226 303 249 264 140 191 354 273 236 305 304 210 239 398 492 568 541 283 294 569 406 450 300 74 636 108 130 287 410 115 348 400 291 438 617 492 332 365 163 389 172 138 485 383 483 39 468 745 141 350 469 626 530 469 388 527 356 419 335 349 104 131 38 263 0 34 393 98 367 459 397 145 190 555 732 
346 517 90 255 403 289 248 325 215 286 106 225 376 295 258 327 338 176 205 420 462 590 563 305 316 591 428 416 266 96 658 96 96 309 376 81 370 410 257 460 639 458 354 399 129 411 194 104 451 405 505 73 490 767 107 316 491 648 552 491 410 549 378 385 301 371 106 97 60 289 34 0 359 64 389 445 419 167 212 577 754 
279 304 439 476 190 452 533 342 144 139 253 584 241 414 437 492 697 261 158 207 249 377 408 328 377 378 215 141 93 351 445 285 263 322 110 278 479 197 102 485 426 245 369 758 230 574 269 309 92 250 292 432 579 554 252 99 278 435 469 278 201 396 211 26 89 244 289 262 401 648 393 359 0 295 198 232 680 496 299 546 541 
398 569 144 307 455 341 300 377 151 338 134 289 428 347 310 379 402 112 141 472 514 642 615 357 368 643 480 406 308 152 710 148 114 361 352 101 422 462 193 512 691 510 406 463 123 463 246 44 387 457 557 137 542 819 157 252 543 700 604 543 462 601 430 321 237 423 126 137 112 353 98 64 295 0 441 497 471 219 264 629 806 
81 162 299 278 14 254 335 144 304 103 307 386 43 216 239 294 499 437 334 31 297 201 210 130 179 202 79 255 133 293 269 293 327 124 215 340 281 205 256 287 250 297 171 560 318 376 197 485 290 52 196 384 381 378 284 275 124 259 271 102 21 198 13 224 212 46 315 304 329 450 367 389 198 441 0 264 482 298 177 348 365 
345 102 505 542 254 518 599 408 360 205 363 650 307 480 503 558 763 493 390 267 33 151 474 394 443 372 185 91 189 417 361 351 383 388 145 396 545 59 312 551 330 33 435 824 374 640 335 541 140 316 68 498 645 370 340 331 140 269 535 180 267 462 277 218 268 310 371 360 467 714 459 445 232 497 264 0 746 562 365 612 335 
401 644 329 204 492 228 171 338 536 541 427 264 439 266 243 188 103 497 526 479 779 595 272 352 303 374 561 737 587 329 385 395 417 358 697 402 201 687 578 195 416 779 311 78 450 106 411 515 772 430 678 414 101 376 428 637 606 477 211 566 479 284 469 706 622 436 391 418 359 134 397 419 680 471 482 746 0 252 381 158 411 
217 460 77 88 308 122 81 158 352 357 243 88 255 128 91 160 201 313 342 295 595 423 396 168 151 424 377 553 403 145 491 211 233 174 513 218 203 503 394 293 472 595 187 262 266 244 227 263 588 246 494 162 323 600 244 453 422 481 385 382 295 382 285 522 438 252 207 234 107 152 145 167 496 219 298 562 252 0 197 410 587 
134 305 140 177 191 153 234 113 155 160 130 285 164 115 138 193 398 260 157 208 398 378 351 93 113 379 216 356 206 116 446 116 150 97 316 163 180 306 197 248 427 398 142 459 141 275 30 308 391 193 297 207 280 555 107 256 279 436 340 279 198 337 166 325 241 159 138 127 152 349 190 212 299 264 177 365 381 197 0 365 542 
267 510 487 322 358 288 329 252 492 407 495 422 305 282 319 250 261 625 522 345 645 461 138 272 261 240 427 603 453 481 251 481 515 268 563 528 207 553 444 117 282 645 223 212 506 166 383 673 638 296 544 572 87 242 472 503 472 343 77 432 345 150 335 572 488 302 503 492 517 292 555 577 546 629 348 612 158 410 365 0 277 
408 237 664 499 351 465 506 429 669 468 672 599 703 520 496 427 438 802 699 334 368 184 191 449 438 163 326 400 498 658 96 658 692 445 454 705 384 344 621 294 115 368 521 489 683 343 748 850 449 349 267 749 310 35 649 640 263 106 202 263 344 205 376 527 577 383 909 669 1294 469 732 754 541 806 365 335 411 587 542 277 0 